Code started. Time window of:  2
Result from loading model: 0.9591836734693877
y:  [1 0 1 0 1 0 0 0 0 1 0 0 1 0 0 1 1 0 0 0 0 0 1 0 1 0 0 0 1 1 0 0 0 1 0 0 1
 0 0 1 1 1 1 1 1 1 1 1 1]
pred-pre:  [[3.47275390e-01 6.52724610e-01]
 [9.97887313e-01 2.11268683e-03]
 [6.20206522e-01 3.79793478e-01]
 [9.96840844e-01 3.15915632e-03]
 [2.99799349e-01 7.00200651e-01]
 [9.85550493e-01 1.44495071e-02]
 [9.99825534e-01 1.74465759e-04]
 [9.99353523e-01 6.46476741e-04]
 [9.99501844e-01 4.98155968e-04]
 [4.10955991e-01 5.89044009e-01]
 [9.99812818e-01 1.87181883e-04]
 [9.99836455e-01 1.63544584e-04]
 [2.39854274e-01 7.60145726e-01]
 [9.68456279e-01 3.15437212e-02]
 [9.98767788e-01 1.23221205e-03]
 [1.26459209e-01 8.73540791e-01]
 [3.94007409e-01 6.05992591e-01]
 [9.99736056e-01 2.63944444e-04]
 [9.99318663e-01 6.81337271e-04]
 [9.99824705e-01 1.75295034e-04]
 [9.70744269e-01 2.92557315e-02]
 [9.97761496e-01 2.23850379e-03]
 [2.35429752e-01 7.64570248e-01]
 [9.99069624e-01 9.30375753e-04]
 [3.20851927e-01 6.79148073e-01]
 [9.93125510e-01 6.87448957e-03]
 [9.82934424e-01 1.70655757e-02]
 [9.94639441e-01 5.36055933e-03]
 [2.12179491e-01 7.87820509e-01]
 [7.01443914e-01 2.98556086e-01]
 [9.57102932e-01 4.28970685e-02]
 [9.98223213e-01 1.77678723e-03]
 [9.99904141e-01 9.58593929e-05]
 [2.26533819e-01 7.73466181e-01]
 [9.97529508e-01 2.47049152e-03]
 [9.99499353e-01 5.00647303e-04]
 [2.55389702e-01 7.44610298e-01]
 [9.96473148e-01 3.52685165e-03]
 [9.98141275e-01 1.85872505e-03]
 [4.09224974e-01 5.90775026e-01]
 [6.75207498e-02 9.32479250e-01]
 [2.45433587e-01 7.54566413e-01]
 [8.08989860e-02 9.19101014e-01]
 [1.05074443e-01 8.94925557e-01]
 [1.37859701e-01 8.62140299e-01]
 [1.36614378e-01 8.63385622e-01]
 [5.40277991e-02 9.45972201e-01]
 [1.36953843e-01 8.63046157e-01]
 [8.55927738e-02 9.14407226e-01]]
pred-pos:  [0.65272461 0.99788731 0.37979348 0.99684084 0.70020065 0.98555049
 0.99982553 0.99935352 0.99950184 0.58904401 0.99981282 0.99983646
 0.76014573 0.96845628 0.99876779 0.87354079 0.60599259 0.99973606
 0.99931866 0.9998247  0.97074427 0.9977615  0.76457025 0.99906962
 0.67914807 0.99312551 0.98293442 0.99463944 0.78782051 0.29855609
 0.95710293 0.99822321 0.99990414 0.77346618 0.99752951 0.99949935
 0.7446103  0.99647315 0.99814127 0.59077503 0.93247925 0.75456641
 0.91910101 0.89492556 0.8621403  0.86338562 0.9459722  0.86304616
 0.91440723]
